lib:
	@cd ./ft_printf && make
	@cd ./ft_printf && make clean

all: lib
	@gcc *.c ./libs/*.c ./stack/*.c ./solve/*.c -L. ./ft_printf/libftprintf.a -I includes/header.h -o prog

clean:
	@cd ./ft_printf && make clean

fclean:
	@rm -rf prog
	@cd ./ft_printf && make fclean

prog:
	@gcc *.c ./libs/*.c ./stack/*.c ./solve/*.c -L. ./ft_printf/libftprintf.a -I includes/header.h -o prog

test: prog
	@./prog -89460 39980 27618 -44667 -35514 -31316 85896 91478 -43290 48864 370 -57663 -70485 -87167 -11093 28469 84789 55575 42826 21608 -37949 49643 71433 71313 11970 82650 54583 65338 -78845 36309 -52501 -88727 -37852 -32559 -82574 -73140 -16755 55717 62786 86760 79436 -55696 -16368 46253 -62978 -42397 65695 -67592 73694 33468 -98615 54531 90094 29338 -34609 -13266 13417 -17096 16454 -97346 -23174 42038 29916 -79507 20320 -701 -82784 -12727 33281 80060 47699 16771 -56271 23170 -94966 -30771 1470 28102 81231 -1304 -17792 -96022 568 94406 -41343 -21618 -44788 45322 -65719 37840 85298 5706 1182 79458 19424 40796 -13989 46821 -10758 -88378 -57241 -824 63321 68448 62645 -81666 41776 -37833 6918 -47424 -70010 -8904 18763 76054 80877 27371 13154 -50154 12743 -10957 -44717 -87892 -80823 48076 14094 -93702 52778 -43833 82659 49196 31811 76746 -59251 71551 -86306 -59085 56026 -84867 92442 -97075 28540 734 85889 82256 -44578 -21362 -44129 -36392 -59572 57986 44734 17711 -72854 78925 -51262 -43499 -5172 73086 56619 -50636 -5299 -43483 -5725 63072 63267 -39212 83159 -76452 29071 392 -6782 -46166 -95272 -55096 -29054 39119 90899 22803 -77429 -18032 65838 97996 66125 1650 16403 85709 -34409 -97492 -57735 -14926 75017 18785 -95142 -56447 -78589 -65209 -98704 65929 -15413 88751 -18630 -71156 -94440 -57387 -44133 -16462 -20043 72130 63929 -99048 -38214 -77942 48213 -68562 -71653 39298 72341 93763 52569 36107 44228 -35193 -78007 -65111 87402 -42853 -39632 -91729 -81740 3312 69829 -61208 35990 15646 55810 -40291 -21428 -79043 88393 8714 38177 6423 -76625 11515 -56773 95074 2352 47041 -68806 -57638 -6913 87643 12721 51600 83629 63417 -48363 39109 -29308 -74588 46950 5907 -37055 -90591 13608 71597 76905 41734 -42865 87637 -35957 64676 46249 -28038 46079 -46448 24387 17312 -44015 -67759 30424 -60069 -53660 60849 -69256 -85941 59028 -44739 -20434 -78416 90619 43066 68750 70184 -94980 42215 -80451 -50962 93567 61196 -58449 -83103 -77360 -50019 -68587 -19300 85150 -74015 -88959 22072 88504 -53463 -81428 39794 -76083 -40965 25358 -16096 92469 -42363 -62368 -88165 -23483 56267 -52946 27259 -90008 8688 -29145 -43513 78591 78715 744 -75647 56769 68302 -72794 -81439 -52927 32376 37731 60038 30015 -25789 31645 -69179 -8446 60275 27062 82331 -43088 6093 88038 -30535 92831 34792 8290 -44620 9194 -86741 45429 72979 21877 34125 -19024 -27059 -90970 13558 -11172 44645 -19025 -47476 8965 27075 25914 -47120 -89771 -98040 -46058 -71499 90071 -43644 -5848 -72052 -64319 -56064 -55024 95743 38580 -22784 77969 71211 -65787 80481 77600 -73254 -43178 -92558 21481 48408 22444 -21363 -18855 -62783 -7231 48400 -41221 -67828 18340 4207 88262 95926 81997 -73905 58861 -70950 50546 -90077 -73599 -15206 -85472 -17289 -58095 -24805 94141 -62629 14507 -70479 -75456 -91819 38217 70232 2767 96643 43511 8819 -29302 23247 -40280 36407 -72501 58907 -90975 -6456 -21348 -26311 69935 -44312 31079 -24253 36454 57399 -88856 30355 96626 -1074 54613 -34410 18231 -48163 21369 80219 -95974 74437 84037 47864 31711 -67791 51461 -65773 -47220 47602 -26797 -58506 15599 92715 -35387 68805 -28577 4770 -62079 84141 4482 -88748 22172 74163 77608 5167 -29126 -98803 -46642 81634 -79888 23488 -4122 13762 33269 40111 -15312

#@./prog -1826 1927 -3928 -2180 -3996 8107 -3134 -2292 -4772 6599 4628 -490 1141 4351 3675 8604 6798 -2586 3180 -76 1036 5306 8563 6058 -7259 7206 4951 5822 -8742 4380 -9345 -4197 -5672 -7069 6831 -2264 2401 -5167 6275 -4857 3290 3001 6965 -892 5000 8593 -6501 -966 5295 -413 2776 -942 -7058 -1901 3554 2885 -6618 6707 4130 2497 3364 5600 -7655 -3892 -9184 6791 -9109 8532 -4581 1690 6291 416 2013 -1226 -9861 817 8905 9654 7235 550 -1888 -9051 -4164 4634 -5698 -3286 -6530 -1665 8947 -7060 5235 2294 -1202 2046 -6396 6095 3683 -1378 9068 3348 6451 1187 -7826 -8645 3541 -994 1819 9603 5183 -916 -6785 -3748 -5860 -2960 6391 -3270 3571 8715 -2926 -4482 4372 8724 -664 -2458 -7800 -545 -3358 5383 -566 121 616 6423 7081 2628 -3112 -8023 5715 3073 8193 -4356 -2930 3023 5814 2041 6859 -2722 3587 2823 540 9805 -9660 2488 8619 -164 3707 5777 -7687 3470 -9570 -5197 8592 7302 -1450 2715 4837 3284 -1546 -5633 -6332 8865 9617 -8213 -8414 7174 -63 6320 -6066 -8766 -2300 -9666 -6747 2331 9866 3400 5525 61 195 6107 -6356 -4781 -2976 -9328 4898 6869 1831 1056 2349 326 1985 476 5148 1701 4205 2370 7623 -4735 -8210 2958 -7312 7955 9881 -6225 8668 -6666 -5452 -6178 3491 9685 8157 -7117 6860 -8768 5037 545 7780 9445 -3560 -2490 -5645 -6791 8945 -4824 3002 9999 4074 -5539 5258 7041 262 -1440 -9383 3888 5925 -5513 986 7316 -904 5108 801 9373 -8043 -8495 2266 -203 6523 -9260 7113 6551 -581 6389 -7796 -4360 -4250 6307 136 5933 -5161 2930 -7502 -4452 -3869 -3512 807 6495 -5657 -9756 9265 150 -2520 -9962 4560 -9674 4530 5380 7407 1712 -6430 4775 -9533 -2761 -9219 -5825 -6431 -995 4147 -5047 6403 -6150 6911 -4775 -8353 4689 5594 1674 -810 6105 688 -6141 6527 7985 2614 7039 9380 8125 -5904 9490 1592 2907 -817 8990 3000 -8464 1782 6448 8048 -5341 -3796 -2908 -2033 1429 1022 -7811 955 -5109 9130 8317 4100 4062 -4208 -1773 1869 -1463 2475 -1510 6072 -1623 4670 6810 9104 123 1954 4740 -1505 -9986 -5479 6893 -3040 2141 -2733 6830 -3733 8631 5654 -624 6840 -7934 -5602 4049 -3015 -4615 6382 7369 -16 2667 -2376 -2589 3323 -9880 -2561 -8949 1573 -2140 -6801 -6447 -4539 -9784 6950 3665 -8767 -9451 -1609 -1595 2093 8324 -8320 4013 -2195 6836 -665 7692 8546 4032 -7734 7435 -3558 -2209 -4350 -2510 4348 4648 -2086 -5386 -138 5540 4239 6774 -8919 -4023 -36 -7755 -7010 -2424 -2171 -4875 617 -6347 -9778 7259 -8190 5769 8922 4448 -4939 -1731 -3360 -1903 -881 8070 9266 1601 5173 -7909 716 8720 -9770 7030 9158 -2924 -8005 -5522 3066 9396 3272 9016 764 9108 -5549 5964 7758 -7281 5460 9492 -5634 -5577 -4156 4290 -8821 8239 3260 -27 -1296 5227 -508 525 -8540 -3401 -4082 6085 3962 137 6529 7469 8416 -1144 -9071 -8075 6578 -6275 -1055 3215 2842 -905 -2100 8255 -3492 7980 -696 -1424 -1049 -7196 6720 5188 7253 -5708 1960 6611 -7665 -4915 -6650 1226 1568 470 8902 -5148 -6308 -8071 -5250 -643 6208 -222 -5857 760 -7215 -7386 9426 927 -7619 2118 4408 -7463 1702 3228 4288 -8112 8103 3987 -559 -1879 -2565 -127 -1930 5386 408 -7773 8696 3661 -8239 -1227 1797 7681 -659 7345 5175 -9397 -3501 5250 6158 3377 8273 -2021 -6708 8911 6699 -8471 1100 1029 9584 3340 5157 7461 9852 3742 7962 -7266 -2369 -652 1526 7471 -5911 1155 -4984 7496 -6592 -1392 -9881 5257 -9793 -2640 2765 9738 6419 4666 -3843 -5402 9841 5153 6054 7631 -5914 -9781 -3722 -122 -6336 5597 1716 3549 -5846 -5320 7240 3395 -4124 1583 2976 -9855 8229 -2673 -6258 -9276 6279 4452 8565 2644 2384 -6631 2750 -4549 -4943 8327 3969 -7549 -1736 -2394 -7332 -9177 1736 -7582 -6144 -5886 -8016 -586 -2202 -5989 -106 -6796 -1449 -6993 -2686 -671 5468 -2252 6346 1725 1967 7317 6268 -6148 -3643 -3176 5381 2374 6154 6184 678 -7578 5395 815 -5222 4034 -4582 -7052 -3113 -9411 -5542 7646 -9297 6835 1641 268 -2190 2110 -3891 -7928 5810 1276 -7828 5141 -3297 -6201 -2433 -4632 -4200 -5263 -4006 -8563 1310 4630 3759 9549 4414 7924 5199 -1780 1546 -2271 -6103 -4671 -5902 -2201 -747 2056 6214 -9082 -7213 7965 -527 1870 3838 -6979 5782 -9556 -7050 -1813 7566 -7357 8744 -6687 -3779 -2308 -6133 5299 8857 9763 -1979 7315 9800 8557 7597 -8420 -3019 2773 -5786 -4610 -8115 -2637 -3303 9991 -9905 2385 -6097 -975 8429 6768 -8753 -3225 -2105 -6434 4252 3889 -391 6349 -3223 -924 3585 8312 820 9774 -3519 -8690 2175 8316 8124 -842 -6727 -1557 615 7536 3639 -8018 -4154 -6825 4572 8309 9681 9274 5680 3046 -5100 3895 -3852 3616 -977 279 5949 6619 5046 -4108 -9382 3118 -374 -1637 -8058 8982 9437 349 4106 9946 823 -7646 5420 1822 9787 7299 8950 2020 945 -5288 3553 5418 7877 6004 6207 6239 556 2898 -6579 -6248 4030 1431 6472 5135 3855 2350 9543 7029 5644 7413 -7348 1342 1706 8331 -6842 -6586 -7101 -5961 -791 -4458 1181 -5035 -9891 -9231 2514 -6192 -7548 6494 1910 -7898 -4281 -6376 -1837 899 -1122 -9188 -98 5397 -4175 5717 7791 8714 -642 -5033 -5219 -6418 90 881 -6985 8917 -7138 -909 -2965 -5311 7624 3882 9003 2904 6845 -978 -2106 3125 6691 1023 6871 -9644 -5605 5847 2626 -2035 -2335 874 6344 8499 -5070 -9312 -3672 -2185 -9746 1605 -2303 -7318 2285 -4597 149 8736 2745 3803 1435 -146 -1076 154 -8244 -8462 -9211 5642 9036 3265 -5004 2417 -5186 -7099 -6076 -8172 6080 4445 3276 7011 -9152 229 5232 1154 -8251 4397 2443 -4408 -7306 -5175 3154 -8604 5355 7531 278 1829 9837 9305 5229 -5579 -938 9979 -187 7558 8003 2899 -7707 -5739 -1538 -7678 -8778 641 6324 -9291 -1685 -6527 -481 3357

#@./prog -89460 39980 27618 -44667 -35514 -31316 85896 91478 -43290 48864 370 -57663 -70485 -87167 -11093 28469 84789 55575 42826 21608 -37949 49643 71433 71313 11970 82650 54583 65338 -78845 36309 -52501 -88727 -37852 -32559 -82574 -73140 -16755 55717 62786 86760 79436 -55696 -16368 46253 -62978 -42397 65695 -67592 73694 33468 -98615 54531 90094 29338 -34609 -13266 13417 -17096 16454 -97346 -23174 42038 29916 -79507 20320 -701 -82784 -12727 33281 80060 47699 16771 -56271 23170 -94966 -30771 1470 28102 81231 -1304 -17792 -96022 568 94406 -41343 -21618 -44788 45322 -65719 37840 85298 5706 1182 79458 19424 40796 -13989 46821 -10758 -88378 -57241 -824 63321 68448 62645 -81666 41776 -37833 6918 -47424 -70010 -8904 18763 76054 80877 27371 13154 -50154 12743 -10957 -44717 -87892 -80823 48076 14094 -93702 52778 -43833 82659 49196 31811 76746 -59251 71551 -86306 -59085 56026 -84867 92442 -97075 28540 734 85889 82256 -44578 -21362 -44129 -36392 -59572 57986 44734 17711 -72854 78925 -51262 -43499 -5172 73086 56619 -50636 -5299 -43483 -5725 63072 63267 -39212 83159 -76452 29071 392 -6782 -46166 -95272 -55096 -29054 39119 90899 22803 -77429 -18032 65838 97996 66125 1650 16403 85709 -34409 -97492 -57735 -14926 75017 18785 -95142 -56447 -78589 -65209 -98704 65929 -15413 88751 -18630 -71156 -94440 -57387 -44133 -16462 -20043 72130 63929 -99048 -38214 -77942 48213 -68562 -71653 39298 72341 93763 52569 36107 44228 -35193 -78007 -65111 87402 -42853 -39632 -91729 -81740 3312 69829 -61208 35990 15646 55810 -40291 -21428 -79043 88393 8714 38177 6423 -76625 11515 -56773 95074 2352 47041 -68806 -57638 -6913 87643 12721 51600 83629 63417 -48363 39109 -29308 -74588 46950 5907 -37055 -90591 13608 71597 76905 41734 -42865 87637 -35957 64676 46249 -28038 46079 -46448 24387 17312 -44015 -67759 30424 -60069 -53660 60849 -69256 -85941 59028 -44739 -20434 -78416 90619 43066 68750 70184 -94980 42215 -80451 -50962 93567 61196 -58449 -83103 -77360 -50019 -68587 -19300 85150 -74015 -88959 22072 88504 -53463 -81428 39794 -76083 -40965 25358 -16096 92469 -42363 -62368 -88165 -23483 56267 -52946 27259 -90008 8688 -29145 -43513 78591 78715 744 -75647 56769 68302 -72794 -81439 -52927 32376 37731 60038 30015 -25789 31645 -69179 -8446 60275 27062 82331 -43088 6093 88038 -30535 92831 34792 8290 -44620 9194 -86741 45429 72979 21877 34125 -19024 -27059 -90970 13558 -11172 44645 -19025 -47476 8965 27075 25914 -47120 -89771 -98040 -46058 -71499 90071 -43644 -5848 -72052 -64319 -56064 -55024 95743 38580 -22784 77969 71211 -65787 80481 77600 -73254 -43178 -92558 21481 48408 22444 -21363 -18855 -62783 -7231 48400 -41221 -67828 18340 4207 88262 95926 81997 -73905 58861 -70950 50546 -90077 -73599 -15206 -85472 -17289 -58095 -24805 94141 -62629 14507 -70479 -75456 -91819 38217 70232 2767 96643 43511 8819 -29302 23247 -40280 36407 -72501 58907 -90975 -6456 -21348 -26311 69935 -44312 31079 -24253 36454 57399 -88856 30355 96626 -1074 54613 -34410 18231 -48163 21369 80219 -95974 74437 84037 47864 31711 -67791 51461 -65773 -47220 47602 -26797 -58506 15599 92715 -35387 68805 -28577 4770 -62079 84141 4482 -88748 22172 74163 77608 5167 -29126 -98803 -46642 81634 -79888 23488 -4122 13762 33269 40111 -15312



grind:
	@gcc -g *.c ./libs/*.c ./stack/*.c ./solve/*.c -L. ./ft_printf/libftprintf.a -I includes/header.h -o prog
	@valgrind --leak-check=full ./prog -64 -61 92 30 -98 -65 -67 55 5 71 -50 9 -76 91 52 -71 -26 -33 46 90 -31 -10 11 -87 -79 -42 -96 32 86 15 -39 -55 -23 -95 -36 -17 80 63 65 99 69 -82 -30 -94 87 -73 53 17 77 -80 -14 -37 -88 81 -40 19 -100 33 -85 41 -51 -19 75 89 -89 10 88 58 -20 -54 -56 64 66 2 -75 -35 83 -86 -41 26 72 22 96 -62 -46 -11 47 48 -45 57 -59 -43 45 62 -49 98 -5 93 -22 8
